Score
-106
-64
-55
-32
-5
5
6
5
7
7
8
8
8
9
9
10
10
11
13
13
13
14
14
15
16
18
21
24
27
28
28
30
33
37
38
39
39
40
40
42
43
44
45
49
48
51
52
53
52
53
52
52
53
55
54
54
54
55
58
57
60
61
72
91
95
98
100
100
98
101
104
109
119
118
126
130
150
150
162
172
171
173
179
179
186
190
189
196
190
199
201
204
209
209
208
210
209
209
214
215
220
222
223
223
223
224
224
227
227
227
228
229
232
236
238
239
242
247
244
246
248
248
251
249
248
250
252
250
255
252
255
255
254
256
255
256
259
263
262
266
271
275
280
284
281
285
286
287
289
289
287
295
295
295
297
296
304
318
324
323
337
340
347
375
377
381
380
382
385
384
383
384
387
391
394
397
398
399
401
401
402
403
403
402
402
402
402
404
405
406
406
407
409
408
408
409
409
409
410
409
409
410
409
410
410
409
410
409
409
410
409
409
410
410
409
410
410
410
410
410
436
438
438
437
438
437
438
438
439
439
439
440
440
440
440
440
441
441
441
445
446
447
448
450
451
449
450
449
452
453
453
454
453
454
453
453
453
454
454
454
454
454
454
454
454
454
454
456
457
457
457
459
460
461
461
461
461
461
461
461
461
461
461
461
461
462
462
463
463
464
463
464
463
463
464
464
464
464
464
464
464
465
465
465
465
465
466
466
466
466
466
466
466
467
467
467
467
467
468
475
475
475
475
475
475
475
475
475
475
476
476
476
476
476
476
476
477
478
478
480
481
480
479
481
481
482
481
481
481
480
482
480
481
481
480
482
483
480
482
481
484
482
484
482
482
482
482
483
483
482
483
485
483
484
484
484
484
484
484
484
483
484
485
484
483
484
484
484
485
483
484
483
484
484
484
483
484
484
484
484
483
484
484
484
484
483
484
484
483
484
484
485
484
485
485
486
485
485
485
485
487
487
487
487
487
487
487
487
487
488
489
489
489
489
489
489
489
489
489
489
489
489
489
489
489
489
489
489
489
489
489
489
489
489
489
489
489
489
489
489
489
489
489
489
489
489
489
489
489
489
489
489
489
489
489
489
489
489
489
489
489
489
489
489
489
489
489
490
490
490
490
490
490
490
490
490
490
490
490
490
490
490
490
490
490
490
490
490
490
490
490
490
490
490
490
490
490
490
490
490
490
490
490
490
490
490
490
490
490
490
490
490
490
490
490
490
490
490
490
490
490
490
490
490
490
490
490
490
490
490
490
490
490
490
490
490
490
490
490
490
490
490
490
490
490
490
490
490
490
490
490
490
490
490
490
490
490
490
490
490
490
490
490
490
490
490
490
490
490
490
490
490
490
490
490
490
490
490
490
490
490
490
490
490
490
490
490
490
490
490
490
490
490
490
490
490
490
490
490
490
491
491
491
491
491
491
491
491
491
491
491
491
491
491
491
491
492
492
492
492
492
492
492
492
492
492
492
492
492
492
492
492
492
492
492
492
492
492
492
492
492
492
492
492
492
492
492
492
492
492
492
492
492
492
492
492
492
492
492
492
492
492
492
492
492
492
492
492
492
492
492
492
492
492
492
492
492
492
492
492
492
492
492
492
492
492
492
492
492
492
492
492
492
492
492
492
492
492
492
492
492
492
492
492
492
492
492
492
492
492
492
492
492
492
492
492
492
492
492
492
492
492
492
492
492
492
492
492
492
492
492
492
492
492
492
492
492
492
492
492
492
492
492
492
492
492
492
492
492
492
492
492
492
492
492
492
492
492
492
492
492
492
492
492
492
492
492
492
492
492
492
492
492
492
492
492
492
492
492
492
492
492
492
492
492
492
492
492
492
492
492
492
492
492
492
492
492
492
492
492
492
492
492
492
492
492
492
492
492
492
492
492
492
492
492
492
492
492
492
492
492
492
492
492
492
492
492
492
492
492
492
492
492
492
492
492
492
492
492
492
492
492
492
492
492
492
492
492
492
492
492
492
492
492
492
492
492
492
492
492
492
492
492
492
492
492
492
492
492
492
492
492
492
492
492
492
492
492
492
492
492
492
492
492
492
492
492
492
492
492
492
492
492
492
492
492
492
492
492
492
492
492
492
492
492
492
492
492
492
492
492
492
492
492
492
492
492
492
492
492
492
492
492
492
492
492
492
492
492
492
492
492
492
492
492
492
492
492
492
492
492
492
492
492
492
492
492
492
492
492
492
492
492
492
492
492
492
492
492
492
492
492
492
492
492
492
492
492
492
492
492
492
492
492
492
492
492
492
492
492
